1 9
10 2
11 3
12 4
13 3
14 7
15 4
16 5
17 3
19 2
20 2
21 2
22 3
23 4
24 7
25 3
26 13
27 5
28 6
29 4
30 1
31 4
32 5
33 4
34 4
35 2
36 4
37 2
39 4
40 4
41 3
43 2
44 2
45 2
47 2
48 2
49 2
51 3
52 4
53 3
54 2
55 5
56 4
57 3
58 3
59 5
60 5
61 4
62 5
63 3
64 4
65 3
66 2
67 2
68 3
69 2
71 3
72 3
73 3
75 3
76 2
77 2
79 4
80 4
81 3
82 3
83 3
84 4
85 3
87 3
88 3
89 2
91 3
92 4
93 2
95 3
96 3
97 2
99 3
100 3
101 2
103 2
104 3
105 2
107 4
108 5
109 3
110 7
111 7
112 8
113 5
115 3
116 4
117 2
119 3
120 3
121 2
122 1
123 4
124 4
125 3
127 4
128 5
129 3
130 11
131 2
132 2
133 2
135 3
136 3
137 2
139 6
140 3
141 2
143 5
144 3
145 3
146 9
147 3
148 2
149 2
151 3
152 2
153 2
155 2
156 1
157 2
159 3
160 3
161 2
163 3
164 3
165 3
